0
3
4
5
13
15
18
32
33
35
38
39
42
43
44
45
46
51
65
72
73
81
82
86
87
102
103
110
111
115
131
132
136
167
172
173
245
252
254
271
281
293
296
297
318
326
327
332
340
353
354
359
372
373
382
383
384
399
412
416
427
428
435
481
495
512
513
516
528
529
542
543
547
550
551
552
553
554
560
561
571
572
573
581
582
587
591
597
604
614
618
624
625
634
638
640
648
654
665
666
667
669
672
674
675
678
684
685
686
690
693
702
747
771
773
775
786
824
825
826
832
833
834
835
836
839
843
870
877
878
879
880
907
936
960
961
962
963
966
967
968
969
972
978
979
997
1019
1021
1022
1048
1049
1053
1055
1061
1064
1069
1072
1075
1086
1087
1088
1115
1116
1119
1121
1125
1135
1139
1167
1175
1176
1177
1178
1179
1180
1181
1186
1207
1238
1239
1240
1276
1293
1295
1299
1302
1303
1304
1305
1307
1314
1315
1325
1326
1337
1338
1339
1341
1353
1354
1370
1376
1377
1378
1379
1381
1383
1385
1397
1402
1403
1404
1410
1411
1414
1419
1424
1440
1441
1442
1447
1454
1461
1467
1468
1476
1477
1492
1499
1506
1509
1510
1517
1524
1525
1541
1542
1545
1548
1553
1563
1565
1578
1584
1588
1589
1605
1606
1617
1620
1625
1627
1628
1629
1630
1642
1643
1644
1645
1648
1653
1654
1659
1665
1668
1672
1680
1687
1690
1694
1699
1700
1711
1719
1721
1722
1726
1728
1731
1732
1733
1734
1735
1737
1742
1745
1756
1757
1782
1791
1810
1844
1848
1850
1859
1860
1861
1862
1865
1873
1877
1880
1882
1886
1901
1905
1909
1910
1911
1917
1929
1931
1944
1947
1948
1949
1951
1952
1965
1971
1979
1981
